IdZone;IdCP;Code Postal;Commune;Actif
434;17495;16450;BEAULIEU-SUR-SONNETTE;0
434;17496;16450;LE GRAND-MADIEU;0
434;17497;16450;LUSSAC;0
434;17498;16450;PARZAC;0
434;17499;16450;SAINT-CLAUD;0
434;18231;16450;SAINT-LAURENT-DE-CERIS;0
434;18232;16460;MOUTONNEAU;0
434;18233;16460;SAINT-FRONT;0
434;18234;16460;SAINT-SULPICE-DE-RUFFEC;0
434;18235;16460;VALENCE;0
434;18236;16460;VENTOUSE;0
434;18237;16460;AUNAC;0
434;18238;16460;BAYERS;0
434;18239;16460;CHENOMMET;0
434;18240;16460;CHENON;0
434;18241;16460;COUTURE;0
434;18242;16460;LICHERES;0
434;18243;16460;MOUTON;0
434;18244;16470;SAINT-MICHEL;0
434;18245;16480;BERNEUIL;1
434;18246;16480;BOISBRETEAU;1
434;18247;16480;BROSSAC;1
434;18248;16480;CHATIGNAC;1
434;18249;16480;CHILLAC;1
434;18250;16480;GUIZENGEARD;1
434;18251;16480;ORIOLLES;1
434;18252;16480;PASSIRAC;1
434;18253;16480;SAINT-FELIX;1
434;18254;16480;SAINT-LAURENT-DES-COMBES;1
434;18255;16480;SAINT-VALLIER;1
434;18256;16480;SAINTE-SOULINE;1
434;18257;16480;SAUVIGNAC;1
434;18258;16490;ALLOUE;0
434;18259;16490;AMBERNAC;0
434;18260;16490;EPENEDE;0
434;18261;16490;HIESSE;0
434;18262;16490;PLEUVILLE;0
434;18263;16500;ABZAC;0
434;18264;16500;ANSAC-SUR-VIENNE;0
434;18265;16500;BRILLAC;0
434;18266;16500;CONFOLENS;0
434;18267;16500;ESSE;0
434;18268;16500;LESSAC;0
434;18269;16500;MANOT;0
434;18270;16500;ORADOUR-FANAIS;0
434;18271;16500;SAINT-GERMAIN-DE-CONFOLENS;0
434;18272;16500;SAINT-MAURICE-DES-LIONS;0
434;18273;16510;VERTEUIL-SUR-CHARENTE;0
434;18274;16560;ANAIS;0
434;18275;16560;AUSSAC-VADALLE;0
434;18276;16560;COULGENS;0
434;18277;16560;JAULDES;0
434;18278;16560;TOURRIERS;0
434;18279;16560;VILLEJOUBERT;0
434;18280;16570;MARSAC;0
434;18281;16570;SAINT-GENIS-D'HIERSAC;0
434;18282;16590;BRIE;0
434;18283;16600;MAGNAC-SUR-TOUVRE;0
434;18284;16600;MORNAC;0
434;18285;16320;RONSENAC;0
434;18286;16320;ROUGNAC;0
434;18287;16320;VAUX-LAVALETTE;0
434;18288;16320;VILLEBOIS-LAVALETTE;0
434;18289;16330;COULONGES;0
434;18290;16330;MONTIGNAC-CHARENTE;0
434;18291;16330;SAINT-AMANT-DE-BOIXE;0
434;18292;16330;VARS;0
434;18293;16330;VERVANT;0
434;18294;16330;VOUHARTE;0
434;18295;16330;XAMBES;0
434;18296;16340;L'ISLE-D'ESPAGNAC;0
434;18297;16350;BENEST;0
434;18298;16350;CHAMPAGNE-MOUTON;0
434;18299;16350;CHASSIECQ;0
434;18300;16350;LE BOUCHAGE;0
434;18301;16350;LE VIEUX-CERIER;0
434;18302;16350;SAINT-COUTANT;0
434;18303;16350;TURGON;0
434;18304;16350;VIEUX-RUFFEC;0
434;18305;16360;BAIGNES-SAINTE-RADEGONDE;1
434;18306;16360;BORS (CANTON DE BAIGNES-SAINTE-RADEGONDE);1
434;18307;16360;CHANTILLAC;1
434;18308;16360;CONDEON;1
434;18309;16360;LE TATRE;1
434;18310;16360;REIGNAC;1
434;18311;16360;TOUVERAC;1
434;18312;16370;BREVILLE;1
434;18313;16370;CHERVES-RICHEMONT;1
434;18314;16370;MESNAC;1
434;18315;16370;SAINT-SULPICE-DE-COGNAC;1
434;18316;16380;CHARRAS;0
434;18317;16380;CHAZELLES;0
434;18318;16380;FEUILLADE;0
434;18319;16380;GRASSAC;0
434;18320;16380;MAINZAC;0
434;18321;16380;MARTHON;0
434;18322;16380;SAINT-GERMAIN-DE-MONTBRON;0
434;18323;16380;SOUFFRIGNAC;0
434;18324;16390;AUBETERRE-SUR-DRONNE;0
434;18325;16390;BONNES;0
434;18326;16390;LAPRADE;0
434;18327;16390;MONTIGNAC-LE-COQ;0
434;18328;16390;NABINAUD;0
434;18329;16390;PALLUAUD;0
434;18330;16390;PILLAC;0
434;18331;16390;SAINT-SEVERIN;0
434;18332;16400;LA COURONNE;0
434;18333;16400;PUYMOYEN;0
434;18334;16400;VOEUIL-ET-GIGET;0
434;18335;16410;BOUEX;0
434;18336;16410;DIGNAC;0
434;18337;16410;DIRAC;0
434;18338;16410;FOUQUEBRUNE;0
434;18339;16410;GARAT;0
434;18340;16410;SERS;0
434;18341;16410;TORSAC;0
434;18342;16410;VOUZAN;0
434;18343;16420;BRIGUEUIL;0
434;18344;16420;LESTERPS;0
434;18345;16420;MONTROLLET;0
434;18346;16420;SAINT-CHRISTOPHE;0
434;18347;16420;SAULGOND;0
434;18348;16430;BALZAC;0
434;18349;16430;CHAMPNIERS;0
434;18350;16250;PERIGNAC;0
434;18351;16250;PLASSAC-ROUFFIAC;0
434;18352;16250;SAINT-LEGER;0
434;18353;16250;VOULGEZAC;0
434;18354;16260;CELLEFROUIN;0
434;18355;16260;CHASSENEUIL-SUR-BONNIEURE;0
434;18356;16260;LA TACHE;0
434;18357;16260;LES PINS;0
434;18358;16260;SAINT-MARY;0
434;18359;16260;SUAUX;0
434;18360;16270;GENOUILLAC;0
434;18361;16270;LA PERUSE;0
434;18362;16270;MAZIERES;0
434;18363;16270;NIEUIL;0
434;18364;16270;ROUMAZIERES-LOUBERT;0
434;18365;16270;SURIS;0
434;18366;16290;ASNIERES-SUR-NOUERE;0
434;18367;16290;CHAMPMILLON;0
434;18368;16290;DOUZAT;0
434;18369;16290;HIERSAC;0
434;18370;16290;MOULIDARS;0
434;18371;16290;SAINT-SATURNIN;0
434;18372;16300;AMBLEVILLE;1
434;18373;16300;ANGEDUC;1
434;18374;16300;BARBEZIEUX-SAINT-HILAIRE;1
434;18375;16300;BARRET;1
434;18376;16300;BRIE-SOUS-BARBEZIEUX;1
434;18377;16300;CHALLIGNAC;1
434;18378;16300;CRITEUIL-LA-MAGDELEINE;1
434;18379;16300;GUIMPS;1
434;18380;16300;LACHAISE;1
434;18381;16300;LAGARDE-SUR-LE-NE;1
434;18382;16300;LAMERAC;1
434;18383;16300;MONTCHAUDE;1
434;18384;16300;SAINT-AULAIS-LA-CHAPELLE;1
434;18385;16300;SAINT-BONNET;1
434;18386;16300;ST MEDARD DE BARBEZIEUX;1
434;18387;16300;SAINT-PALAIS-DU-NE;1
434;18388;16300;SALLES-DE-BARBEZIEUX;1
434;18389;16300;VIGNOLLES;1
434;18390;16310;CHERVES-CHATELARS;0
434;18391;16310;LE LINDOIS;0
434;18392;16310;LESIGNAC-DURAND;0
434;18393;16310;MASSIGNAC;0
434;18394;16310;MAZEROLLES;0
434;18395;16310;MONTEMBOEUF;0
434;18396;16310;MOUZON;0
434;18397;16310;ROUSSINES;0
434;18398;16310;SAINT-ADJUTORY;0
434;18399;16310;SAUVAGNAC;0
434;18400;16310;VERNEUIL;0
434;18401;16310;VITRAC-SAINT-VINCENT;0
434;18402;16320;BLANZAGUET-SAINT-CYBARD;0
434;18403;16320;CHARMANT;0
434;18404;16320;CHAVENAT;0
434;18405;16320;COMBIERS;0
434;18406;16320;EDON;0
434;18407;16320;GARDES-LE-PONTAROUX;0
434;18408;16320;GURAT;0
434;18409;16320;JUILLAGUET;0
434;18410;16320;MAGNAC-LAVALETTE-VILLARS;0
434;18411;16210;BAZAC;0
434;18412;16210;BELLON;0
434;18413;16210;BRIE-SOUS-CHALAIS;0
434;18414;16210;CHALAIS;0
434;18415;16210;COURLAC;0
434;18416;16210;CURAC;0
434;18417;16210;LES ESSARDS;0
434;18418;16210;MEDILLAC;0
434;18419;16210;ORIVAL;0
434;18420;16210;RIOUX-MARTIN;0
434;18421;16210;ROUFFIAC;0
434;18422;16210;SAINT-AVIT;0
434;18423;16210;SAINT-QUENTIN-DE-CHALAIS;0
434;18424;16210;SAINT-ROMAIN;0
434;18425;16210;YVIERS;0
434;18426;16210;BARDENAC;0
434;18427;16220;ECURAS;0
434;18428;16220;EYMOUTHIERS;0
434;18429;16220;MONTBRON;0
434;18430;16220;ORGEDEUIL;0
434;18431;16220;ROUZEDE;0
434;18432;16220;SAINT-SORNIN;0
434;18433;16220;VILHONNEUR;0
434;18434;16220;VOUTHON;0
434;18435;16230;CELLETTES;0
434;18436;16230;FONTCLAIREAU;0
434;18437;16230;FONTENILLE;0
434;18438;16230;JUILLE;0
434;18439;16230;LONNES;0
434;18440;16230;LUXE;0
434;18441;16230;MAINE-DE-BOIXE;0
434;18442;16230;MANSLE;0
434;18443;16230;NANCLARS;0
434;18444;16230;PUYREAUX;0
434;18445;16230;SAINT-AMANT-DE-BONNIEURE;0
434;18446;16230;SAINT-ANGEAU;0
434;18447;16230;SAINT-CIERS-SUR-BONNIEURE;0
434;18448;16230;SAINT-GROUX;0
434;18449;16230;SAINTE-COLOMBE;0
434;18450;16230;VILLOGNON;0
434;18451;16240;BRETTES;0
434;18452;16240;COURCOME;0
434;18453;16240;EMPURE;0
434;18454;16240;LA CHEVRERIE;0
434;18455;16240;LA FORET-DE-TESSE;0
434;18456;16240;LA MAGDELEINE;0
434;18457;16240;LONGRE;0
434;18458;16240;MONTJEAN;0
434;18459;16240;PAIZAY-NAUDOUIN-EMBOURIE;0
434;18460;16240;RAIX;0
434;18461;16240;SOUVIGNE;0
434;18462;16240;THEIL-RABIER;0
434;18463;16240;VILLEFAGNAN;0
434;18464;16240;VILLIERS-LE-ROUX;0
434;18465;16250;AUBEVILLE;0
434;18466;16250;BECHERESSE;0
434;18467;16250;BESSAC;0
434;18468;16250;BLANZAC-PORCHERESSE;0
434;18469;16250;CHADURIE;0
434;18470;16250;CHAMPAGNE-VIGNY;0
434;18471;16250;CRESSAC-SAINT-GENIS;0
434;18472;16250;ETRIAC;0
434;18473;16250;JURIGNAC;0
434;18474;16250;MAINFONDS;0
434;18475;16250;PEREUIL;0
434;18476;16140;LES GOURS;0
434;18477;16140;LIGNE;0
434;18478;16140;LUPSAULT;0
434;18479;16140;MARCILLAC-LANVILLE;0
434;18480;16140;MONS;0
434;18481;16140;ORADOUR;0
434;18482;16140;RANVILLE-BREUILLAUD;0
434;18483;16140;SAINT-FRAIGNE;0
434;18484;16140;TUSSON;0
434;18485;16140;VERDILLE;0
434;18486;16140;VILLEJESUS;0
434;18487;16150;SAINT-QUENTIN-SUR-CHARENTE;0
434;18488;16150;CHABANAIS;0
434;18489;16150;CHABRAC;0
434;18490;16150;CHASSENON;0
434;18491;16150;CHIRAC;0
434;18999;17690;ANGOULINS;0
434;19000;17700;BREUIL-LA-REORTE;0
434;19001;17700;MARSAIS;0
434;19002;17700;PERE;0
434;19003;17700;PUYRAVAULT;0
434;19004;17700;SAINT-GEORGES-DU-BOIS;0
434;19005;17700;SAINT-GERMAIN-DE-MARENCENNES;0
434;19006;17700;SAINT-MARD;0
434;19007;17700;SAINT-PIERRE-D'AMILLY;0
434;19008;17700;SAINT-SATURNIN-DU-BOIS;0
434;19009;17700;SURGERES;0
434;19010;17700;VANDRE;0
434;19011;17700;VOUHE;0
434;19012;17730;PORT-DES-BARQUES;0
434;19013;17740;SAINTE-MARIE-DE-RE;0
434;19014;17750;ETAULES;0
434;19015;17770;VILLARS-LES-BOIS;0
434;19016;17770;AUJAC;0
434;19017;17770;AUMAGNE;0
434;19018;17770;AUTHON-EBEON;0
434;19019;17770;BERCLOUX;0
434;19020;17770;BRIZAMBOURG;0
434;19021;17770;BURIE;0
434;19022;17770;ECOYEUX;0
434;19023;17770;JUICQ;0
434;19024;17770;LA FREDIERE;0
434;19025;17770;LE SEURE;0
434;19026;17770;MIGRON;0
434;19027;17770;NANTILLE;0
434;19028;17770;SAINT-BRIS-DES-BOIS;0
434;19029;17770;SAINT-CESAIRE;0
434;19030;17770;SAINT-HILAIRE-DE-VILLEFRANCHE;0
434;19031;17770;SAINTE-MEME;0
434;19032;17780;MOEZE;0
434;19033;17780;SAINT-FROULT;0
434;19034;17780;SAINT-NAZAIRE-SUR-CHARENTE;0
434;19035;17780;SOUBISE;0
434;19036;17800;AVY;1
434;19037;17800;BELLUIRE;1
434;19038;17800;BIRON;1
434;19039;17800;BOUGNEAU;1
434;19040;17800;BRIVES-SUR-CHARENTE;1
434;19041;17800;CHADENAC;1
434;19042;17800;COULONGES;1
434;19043;17800;ECHEBRUNE;1
434;19044;17800;FLEAC-SUR-SEUGNE;1
434;19045;17800;MARIGNAC;1
434;19046;17800;MAZEROLLES;1
434;19047;17800;MONTILS;1
434;19048;17800;PERIGNAC;1
434;19049;17800;PONS;1
434;19050;17800;ROUFFIAC;1
434;19051;17800;SAINT-LEGER;1
434;19052;17800;SAINT-PALAIS-DE-PHIOLIN;1
434;19053;17800;SAINT-QUANTIN-DE-RANCANNE;1
434;19054;17800;SAINT-SEURIN-DE-PALENNE;1
434;19055;17800;SAINT-SEVER-DE-SAINTONGE;1
434;19056;17800;SALIGNAC-SUR-CHARENTE;1
434;19057;17810;ECURAT;0
434;19058;17810;NIEUL-LES-SAINTES;0
434;19059;17810;PESSINES;0
434;19060;17810;SAINT-GEORGES-DES-COTEAUX;0
434;19061;17510;VILLIERS-COUTURE;0
434;19062;17510;VINAX;0
434;19063;17520;ARCHIAC;1
434;19064;17520;ARTHENAC;1
434;19065;17520;BRIE-SOUS-ARCHIAC;1
434;19066;17520;CELLES;1
434;19067;17520;CIERZAC;1
434;19068;17520;GERMIGNAC;1
434;19069;17520;JARNAC-CHAMPAGNE;1
434;19070;17520;LONZAC;1
434;19071;17520;NEUILLAC;1
434;19072;17520;SAINT-CIERS-CHAMPAGNE;1
434;19073;17520;SAINT-EUGENE;1
434;19074;17520;SAINT-MAIGRIN;1
434;19075;17520;SAINT-MARTIAL-SUR-NE;1
434;19076;17520;SAINTE-LHEURINE;1
434;19077;17530;ARVERT;1
434;19078;17540;ANAIS;0
434;19079;17540;ANGLIERS;0
434;19080;17540;BOUHET;0
434;19081;17540;LE GUE-D'ALLERE;0
434;19082;17540;NUAILLE-D'AUNIS;0
434;19083;17540;SAINT-SAUVEUR-D'AUNIS;0
434;19084;17540;VERINES;0
434;19085;17550;DOLUS-D'OLERON;0
434;19086;17560;BOURCEFRANC-LE-CHAPUS;0
434;19087;17570;LES MATHES;0
434;19088;17570;SAINT-AUGUSTIN;0
434;19089;17580;LE BOIS-PLAGE-EN-RE;0
434;19090;17590;ARS-EN-RE;0
434;19091;17590;SAINT-CLEMENT-DES-BALEINES;0
434;19092;17600;BALANZAC;1
434;19093;17600;CORME-ECLUSE;1
434;19094;17600;CORME-ROYAL;1
434;19095;17600;L'EGUILLE;1
434;19096;17600;LA CLISSE;1
434;19097;17600;LE CHAY;1
434;19098;17600;LE GUA;1
434;19099;17600;LUCHAT;1
434;19100;17600;MEDIS;1
434;19101;17600;NANCRAS;1
434;19102;17600;NIEULLE-SUR-SEUDRE;1
434;19103;17600;PISANY;1
434;19104;17600;SABLONCEAUX;1
434;19105;17600;SAINT-ROMAIN-DE-BENET;1
434;19106;17600;SAINT-SORNIN;1
434;19107;17600;SAUJON;1
434;19108;17600;THEZAC;1
434;19109;17610;CHANIERS;1
434;19110;17610;CHERAC;1
434;19111;17610;DOMPIERRE-SUR-CHARENTE;1
434;19112;17610;SAINT-SAUVANT;1
434;19113;17620;BEAUGEAY;0
434;19114;17620;CHAMPAGNE;0
434;19115;17620;ECHILLAIS;0
434;19116;17620;LA GRIPPERIE-SAINT-SYMPHORIEN;0
434;19117;17620;SAINT-AGNANT;0
434;19118;17620;SAINT-JEAN-D'ANGLE;0
434;19119;17630;LA FLOTTE;0
434;19120;17640;VAUX-SUR-MER;0
434;19121;17650;SAINT-DENIS-D'OLERON;0
434;19122;17670;LA COUARDE-SUR-MER;0
434;19123;17460;CHERMIGNAC;1
434;19124;17460;COLOMBIERS;1
434;19125;17460;LA JARD;1
434;19126;17460;PREGUILLAC;1
434;19127;17460;RETAUD;1
434;19128;17460;RIOUX;1
434;19129;17460;TESSON;1
434;19130;17460;THENAC;1
434;19131;17460;VARZAY;1
434;19132;17470;AULNAY;0
434;19133;17470;BLANZAY-SUR-BOUTONNE;0
434;19134;17470;CHERBONNIERES;0
434;19135;17470;CONTRE;0
434;19136;17470;DAMPIERRE-SUR-BOUTONNE;0
434;19137;17470;LA VILLEDIEU;0
434;19138;17470;LOIRE-SUR-NIE;0
434;19139;17470;NUAILLE-SUR-BOUTONNE;0
434;19140;17470;PAILLE;0
434;19141;17470;SAINT-GEORGES-DE-LONGUEPIERRE;0
434;19142;17470;SAINT-MANDE-SUR-BREDOIRE;0
434;19143;17470;VILLEMORIN;0
434;19144;17480;LE CHATEAU-D'OLERON;0
434;19145;17490;BAZAUGES;0
434;19146;17490;BEAUVAIS-SUR-MATHA;0
434;19147;17490;BRESDON;0
434;19148;17490;GOURVILLETTE;0
434;19149;17490;MACQUEVILLE;0
434;19150;17490;MASSAC;0
434;19151;17490;NEUVICQ-LE-CHATEAU;0
434;19152;17490;SAINT-OUEN;0
434;19153;17490;SIECQ;0
434;19154;17500;AGUDELLE;1
434;19155;17500;ALLAS-CHAMPAGNE;1
434;19156;17500;CHAMPAGNAC;1
434;19157;17500;CLAM;1
434;19158;17500;FONTAINES-D'OZILLAC;1
434;19159;17500;GUITINIERES;1
434;19160;17500;JONZAC;1
434;19161;17500;LEOVILLE;1
434;19162;17500;LUSSAC;1
434;19163;17500;MEUX;1
434;19164;17500;MOINGS;1
434;19165;17500;MORTIERS;1
434;19166;17500;NEULLES;1
434;19167;17500;OZILLAC;1
434;19168;17500;REAUX;1
434;19169;17500;SAINT-GERMAIN-DE-LUSIGNAN;1
434;19170;17500;SAINT-GERMAIN-DE-VIBRAC;1
434;19171;17500;SAINT-HILAIRE-DU-BOIS;1
434;19172;17500;SAINT-MARTIAL-DE-VITATERNE;1
434;19173;17500;SAINT-MAURICE-DE-TAVERNOLE;1
434;19174;17500;SAINT-MEDARD;1
434;19175;17500;SAINT-SIMON-DE-BORDES;1
434;19176;17500;VANZAC;1
434;19177;17500;VILLEXAVIER;1
434;19178;17510;CHIVES;0
434;19179;17510;FONTAINE-CHALENDRAY;0
434;19180;17510;LES EDUTS;0
434;19181;17510;NERE;0
434;19182;17510;ROMAZIERES;0
434;19183;17510;SALEIGNES;0
434;19184;17510;SEIGNE;0
434;19185;17350;TAILLANT;0
434;19186;17350;TAILLEBOURG;0
434;19187;17360;BOSCAMNANT;0
434;19188;17360;LA BARDE;0
434;19189;17360;LA CLOTTE;0
434;19190;17360;LA GENETOUZE;0
434;19191;17360;SAINT-AIGULIN;0
434;19192;17360;SAINT-MARTIN-DE-COUX;0
434;19193;17370;LE GRAND-VILLAGE-PLAGE;0
434;19194;17370;SAINT-TROJAN-LES-BAINS;0
434;19195;17380;ANNEZAY;0
434;19196;17380;ARCHINGEAY;0
434;19197;17380;CHANTEMERLE-SUR-LA-SOIE;0
434;19198;17380;CHERVETTES;0
434;19199;17380;LANDES;0
434;19200;17380;LES NOUILLERS;0
434;19201;17380;NACHAMPS;0
434;19202;17380;PUY-DU-LAC;0
434;19203;17380;PUYROLLAND;0
434;19204;17380;SAINT-CREPIN;0
434;19205;17380;SAINT-LAURENT-DE-LA-BARRIERE;0
434;19206;17380;SAINT-LOUP;0
434;19207;17380;TONNAY-BOUTONNE;0
434;19208;17380;TORXE;0
434;19209;17390;LA TREMBLADE;0
434;19210;17400;ANTEZANT-LA-CHAPELLE;0
434;19211;17400;ASNIERES-LA-GIRAUD;0
434;19212;17400;BIGNAY;0
434;19213;17400;COURCELLES;0
434;19214;17400;FONTENET;0
434;19215;17400;LA BENATE;0
434;19216;17400;LA VERGNE;0
434;19217;17400;LES EGLISES-D'ARGENTEUIL;0
434;19218;17400;MAZERAY;0
434;19219;17400;POURSAY-GARNAUD;0
434;19220;17400;SAINT-DENIS-DU-PIN;0
434;19221;17400;SAINT-JEAN-D'ANGELY;0
434;19222;17400;SAINT-JULIEN-DE-L'ESCAP;0
434;19223;17400;SAINT-MARTIN-DE-JUILLERS;0
434;19224;17400;SAINT-PARDOULT;0
434;19225;17400;SAINT-PIERRE-DE-JUILLERS;0
434;19226;17400;TERNANT;0
434;19227;17400;VARAIZE;0
434;19228;17400;VERVANT;0
434;19229;17400;VOISSAY;0
434;19230;17410;SAINT-MARTIN-DE-RE;0
434;19231;17420;SAINT-PALAIS-SUR-MER;0
434;19232;17430;BORDS;0
434;19233;17430;CABARIOT;0
434;19234;17430;CHAMPDOLENT;0
434;19235;17430;GENOUILLE;0
434;19236;17430;LUSSANT;0
434;19237;17430;MORAGNE;0
434;19238;17430;MURON;0
434;19239;17430;SAINT-COUTANT-LE-GRAND;0
434;19240;17430;SAINT-HIPPOLYTE;0
434;19241;17430;TONNAY-CHARENTE;0
434;20532;33000;BORDEAUX;0
434;20533;33100;BORDEAUX;0
434;20534;33110;LE BOUSCAT;0
434;20535;33112;SAINT-LAURENT-MEDOC;0
434;20536;33113;BOURIDEYS;0
434;20537;33113;CAZALIS;0
434;20538;33113;ORIGNE;0
434;20539;33113;SAINT-LEGER-DE-BALSON;0
434;20540;33113;SAINT-SYMPHORIEN;0
434;20541;33114;LE BARP;0
434;20543;33120;ARCACHON;0
434;20544;33121;CARCANS;0
434;20545;33123;LE VERDON-SUR-MER;0
434;20546;33124;AILLAS;0
434;20547;33124;AUROS;0
434;20548;33124;BERTHEZ;0
434;20549;33124;BRANNENS;0
434;20550;33124;BROUQUEYRAN;0
434;20551;33124;LADOS;0
434;20552;33124;SAVIGNAC;0
434;20553;33125;HOSTENS;0
434;20554;33125;LE TUZAN;0
434;20555;33125;LOUCHATS;0
434;20556;33125;SAINT-MAGNE;0
434;20557;33126;SAINT-MICHEL-DE-FRONSAC;0
434;20558;33126;FRONSAC;0
434;20559;33126;LA RIVIERE;0
434;20560;33126;SAINT-AIGNAN;0
434;20561;33127;MARTIGNAS-SUR-JALLE;0
434;20562;33127;SAINT-JEAN-D'ILLAC;0
434;20563;33130;BEGLES;0
434;20564;33133;GALGON;0
434;20565;33138;LANTON;0
434;21046;33750;CROIGNON;0
434;21047;33750;NERIGEAN;0
434;21048;33750;SAINT-GERMAIN-DU-PUCH;0
434;21049;33750;SAINT-QUENTIN-DE-BARON;0
434;21050;33760;ARBIS;0
434;21051;33760;BAIGNEAUX;0
434;21052;33760;BELLEBAT;0
434;21053;33760;BELLEFOND;0
434;21054;33760;CANTOIS;0
434;21055;33760;CESSAC;0
434;21056;33760;COURPIAC;0
434;21057;33760;ESCOUSSANS;0
434;21058;33760;FALEYRAS;0
434;21059;33760;FRONTENAC;0
434;21060;33760;LADAUX;0
434;21061;33760;LUGASSON;0
434;21062;33760;MARTRES;0
434;21063;33760;MONTIGNAC;0
434;21064;33760;ROMAGNE;0
434;21065;33760;SAINT-GENIS-DU-BOIS;0
434;21066;33760;SAINT-PIERRE-DE-BAT;0
434;21067;33760;SOULIGNAC;0
434;21068;33760;TARGON;0
434;21069;33770;SALLES;0
434;21070;33780;SOULAC-SUR-MER;0
434;21071;33790;AURIOLLES;0
434;21072;33790;CAZAUGITAT;0
434;21073;33790;LANDERROUAT;0
434;21074;33790;LISTRAC-DE-DUREZE;0
434;21075;33790;MASSUGAS;0
434;21076;33790;PELLEGRUE;0
434;21077;33790;SAINT-ANTOINE-DU-QUEYRET;0
434;21078;33790;SOUSSAC;0
434;21079;33800;BORDEAUX;0
434;21080;33810;AMBES;0
434;21081;33820;BRAUD-ET-SAINT-LOUIS;1
434;21082;33820;ETAULIERS;1
434;21083;33820;PLEINE-SELVE;1
434;21084;33820;SAINT-AUBIN-DE-BLAYE;1
434;21085;33820;SAINT-CAPRAIS-DE-BLAYE;1
434;21086;33820;SAINT-CIERS-SUR-GIRONDE;1
434;21087;33820;SAINT-PALAIS;1
434;21088;33830;BELIN-BELIET;0
434;21089;33830;LUGOS;0
434;21090;33840;CAPTIEUX;0
434;21091;33840;ESCAUDES;0
434;21092;33840;GISCOS;0
434;21093;33840;GOUALADE;0
434;21094;33840;LARTIGUE;0
434;21095;33840;LERM-ET-MUSSET;0
434;21096;33840;LUCMAU;0
434;21097;33840;SAINT-MICHEL-DE-CASTELNAU;0
434;21098;33850;LEOGNAN;0
434;21099;33860;DONNEZAC;1
434;21100;33860;MARCILLAC;1
434;21101;33860;REIGNAC;1
434;21102;33870;VAYRES;0
434;21103;33880;BAURECH;0
434;21104;33880;CAMBES;0
434;21105;33880;SAINT-CAPRAIS-DE-BORDEAUX;0
434;21106;33890;COUBEYRAC;0
434;21107;33890;GENSAC;0
434;21108;33890;JUILLAC;0
434;21109;33890;PESSAC-SUR-DORDOGNE;0
434;21110;33660;CAMPS-SUR-L'ISLE;0
434;21111;33660;GOURS;0
434;21112;33660;PORCHERES;0
434;21113;33660;PUYNORMAND;0
434;21114;33660;SAINT-ANTOINE-SUR-L'ISLE;0
434;21115;33660;SAINT-SAUVEUR-DE-PUYNORMAND;0
434;21116;33660;SAINT-SEURIN-SUR-L'ISLE;0
434;21117;33670;BLESIGNAC;0
434;21118;33670;CREON;0
434;21119;33670;CURSAN;0
434;21120;33670;LA SAUVE;0
434;21121;33670;LE POUT;0
434;21122;33670;MADIRAC;0
434;21123;33670;SADIRAC;0
434;21124;33670;SAINT-GENES-DE-LOMBAUD;0
434;21125;33670;SAINT-LEON;0
434;21126;33680;LACANAU;0
434;21127;33680;LE PORGE;0
434;21128;33680;LE TEMPLE;0
434;21129;33680;SAUMOS;0
434;21130;33690;CAUVIGNAC;0
434;21131;33690;COURS-LES-BAINS;0
434;21132;33690;GRIGNOLS;0
434;21133;33690;LABESCAU;0
434;21134;33690;LAVAZAN;0
434;21135;33690;MARIONS;0
434;21136;33690;MASSEILLES;0
434;21137;33690;SENDETS;0
434;21138;33690;SIGALENS;0
434;21139;33690;SILLAS;0
434;21140;33700;MERIGNAC;0
434;21141;33710;BAYON-SUR-GIRONDE;0
434;21142;33710;BOURG SUR GIRONDE;0
434;21143;33710;COMPS;0
434;21144;33710;GAURIAC;0
434;21145;33710;LANSAC;0
434;21146;33710;MOMBRIER;0
434;21147;33710;PRIGNAC-ET-MARCAMPS;0
434;21148;33710;PUGNAC;0
434;21149;33710;SAINT-CIERS-DE-CANESSE;0
434;21150;33710;SAINT-SEURIN-DE-BOURG;0
434;21151;33710;SAINT-TROJAN;0
434;21152;33710;SAMONAC;0
434;21153;33710;TAURIAC;0
434;21154;33710;TEUILLAC;0
434;21155;33710;VILLENEUVE;0
434;21156;33720;BARSAC;0
434;21157;33720;BUDOS;0
434;21158;33720;CERONS;0
434;21159;33720;GUILLOS;0
434;21160;33720;ILLATS;0
434;21161;33720;LANDIRAS;0
434;21162;33720;PODENSAC;0
434;21163;33720;SAINT-MICHEL-DE-RIEUFRET;0
434;21164;33720;VIRELADE;0
434;21165;33730;BALIZAC;0
434;21166;33730;NOAILLAN;0
434;21167;33730;POMPEJAC;0
434;21168;33730;PRECHAC;0
434;21169;33730;UZESTE;0
434;21170;33730;VILLANDRAUT;0
434;21171;33740;ARES;0
434;21172;33750;BARON;0
434;21173;33750;BEYCHAC-ET-CAILLAU;0
434;21174;33750;CADARSAC;0
434;21175;33750;CAMARSAC;0
434;21176;33540;SAUVETERRE-DE-GUYENNE;0
434;21177;33550;CAPIAN;0
434;21178;33550;HAUX;0
434;21179;33550;LANGOIRAN;0
434;21180;33550;LE TOURNE;0
434;21181;33550;LESTIAC-SUR-GARONNE;0
434;21182;33550;PAILLET;0
434;21183;33550;TABANAC;0
434;21184;33550;VILLENAVE-DE-RIONS;0
434;21185;33560;CARBON-BLANC;0
434;21186;33560;SAINTE-EULALIE;0
434;21187;33570;FRANCS;0
434;21188;33570;LES ARTIGUES-DE-LUSSAC;0
434;21189;33570;LUSSAC;0
434;21190;33570;MONTAGNE;0
434;21191;33570;PETIT-PALAIS-ET-CORNEMPS;0
434;21192;33570;PUISSEGUIN;0
434;21193;33570;SAINT-CIBARD;0
434;21194;33570;TAYAC;0
434;21195;33580;COURS-DE-MONSEGUR;0
434;21196;33580;COUTURES;0
434;21197;33580;DIEULIVOL;0
434;21198;33580;LE PUY;0
434;21199;33580;MONSEGUR;0
434;21200;33580;NEUFFONS;0
434;21201;33580;RIMONS;0
434;21202;33580;ROQUEBRUNE;0
434;21203;33580;SAINT-FERME;0
434;21204;33580;SAINT-SULPICE-DE-GUILLERAGUES;0
434;21205;33580;SAINT-VIVIEN-DE-MONSEGUR;0
434;21206;33580;SAINTE-GEMME;0
434;21207;33580;TAILLECAVAT;0
434;21208;33590;GRAYAN-ET-L'HOPITAL;0
434;21209;33590;JAU-DIGNAC-ET-LOIRAC;0
434;21210;33590;SAINT-VIVIEN-DE-MEDOC;0
434;21211;33590;TALAIS;0
434;21212;33590;VENSAC;0
434;21213;33600;PESSAC;0
434;21214;33610;CANEJAN;0
434;21215;33610;CESTAS;0
434;21216;33620;CAVIGNAC;0
434;21217;33620;CEZAC;0
434;21218;33620;CUBNEZAIS;0
434;21219;33620;LAPOUYADE;0
434;21220;33620;LARUSCADE;0
434;21221;33620;MARCENAIS;0
434;21222;33620;MARSAS;0
434;21223;33620;SAINT-MARIENS;0
434;21224;33620;TIZAC-DE-LAPOUYADE;0
434;21225;33640;ARBANATS;0
434;21226;33640;AYGUEMORTE-LES-GRAVES;0
434;21227;33640;BEAUTIRAN;0
434;21228;33640;CASTRES-GIRONDE;0
434;21229;33640;ISLE-SAINT-GEORGES;0
434;21230;33640;PORTETS;0
434;21231;33650;CABANAC-ET-VILLAGRAINS;0
434;21232;33650;LA BREDE;0
434;21233;33650;MARTILLAC;0
434;21234;33650;SAINT-MEDARD-D'EYRANS;0
434;21235;33650;SAINT-MORILLON;0
434;21236;33650;SAINT-SELVE;0
434;21237;33650;SAUCATS;0
434;21238;33440;SAINT-VINCENT-DE-PAUL;0
434;21239;33450;SAINT-SULPICE-ET-CAMEYRAC;0
434;21240;33450;IZON;0
434;21241;33450;MONTUSSAN;0
434;21242;33450;SAINT-LOUBES;0
434;21243;33460;ARCINS;0
434;21244;33460;ARSAC;0
434;21245;33460;CANTENAC;0
434;21246;33460;CUSSAC-FORT-MEDOC;0
434;21247;33460;LABARDE;0
434;21248;33460;LAMARQUE;0
434;21249;33460;MACAU;0
434;21250;33460;MARGAUX;0
434;21251;33460;SOUSSANS;0
434;21252;33470;GUJAN-MESTRAS;0
434;21253;33470;LE TEICH;0
434;21254;33480;AVENSAN;0
434;21255;33480;BRACH;0
434;21256;33480;CASTELNAU-DE-MEDOC;0
434;21257;33480;LISTRAC-MEDOC;0
434;21258;33480;MOULIS-EN-MEDOC;0
434;21259;33480;SAINTE-HELENE;0
434;21260;33490;CAUDROT;0
434;21261;33490;LE PIAN-SUR-GARONNE;0
434;21262;33490;SAINT-ANDRE-DU-BOIS;0
434;21263;33490;SAINT-GERMAIN-DE-GRAVE;0
434;21264;33490;SAINT-MACAIRE;0
434;21265;33490;SAINT-MAIXANT;0
434;21266;33490;SAINT-MARTIAL;0
434;21267;33490;SAINT-MARTIN-DE-SESCAS;0
434;21268;33490;SAINT-PIERRE-D'AURILLAC;0
434;21269;33490;SAINTE-FOY-LA-LONGUE;0
434;21270;33490;SEMENS;0
434;21271;33490;VERDELAIS;0
434;21272;33500;ARVEYRES;0
434;21273;33500;LALANDE-DE-POMEROL;0
434;21274;33500;LES BILLAUX;0
434;21275;33500;LIBOURNE;0
434;21276;33500;NEAC;0
434;21277;33500;POMEROL;0
434;21278;33510;ANDERNOS-LES-BAINS;0
434;21279;33520;BRUGES;0
434;21280;33530;BASSENS;0
434;21281;33540;BLASIMON;0
434;21282;33540;CASTELMORON-D'ALBRET;0
434;21283;33540;CASTELVIEL;0
434;21284;33540;CAUMONT;0
434;21285;33540;CLEYRAC;0
434;21286;33540;COIRAC;0
434;21287;33540;DAUBEZE;0
434;21288;33540;GORNAC;0
434;21289;33540;LANDERROUET-SUR-SEGUR;0
434;21290;33540;MAURIAC;0
434;21291;33540;MESTERRIEUX;0
434;21292;33540;SAINT-BRICE;0
434;21538;17440;AYTRE;0
434;21539;17450;FOURAS;0
434;21540;17450;SAINT-LAURENT-DE-LA-PREE;0
434;21541;17460;BERNEUIL;1
434;21542;17250;SAINTE-GEMME;0
434;24312;17840;LA BREE-LES-BAINS;0
434;24313;17870;BREUIL-MAGNE;0
434;24314;17870;LOIRE-LES-MARAIS;0
434;24315;17880;LES PORTES-EN-RE;0
434;24316;17890;CHAILLEVETTE;0
434;24317;17920;BREUILLET;0
434;24318;17940;RIVEDOUX-PLAGE;0
434;25383;17250;SAINTE-RADEGONDE;0
434;25384;17250;SOULIGNONNE;0
434;25385;17250;TRIZAY;0
434;25386;17260;CRAVANS;1
434;25387;17260;GEMOZAC;1
434;25388;17260;GIVREZAC;1
434;25389;17260;JAZENNES;1
434;25390;17260;MONTPELLIER-DE-MEDILLAN;1
434;25391;17260;SAINT-ANDRE-DE-LIDON;1
434;25392;17260;SAINT-SIMON-DE-PELLOUAILLE;1
434;25393;17260;TANZAC;1
434;25394;17260;VILLARS-EN-PONS;1
434;25395;17260;VIROLLET;1
434;25396;17270;BORESSE-ET-MARTRON;0
434;25397;17270;CERCOUX;0
434;25398;17270;CLERAC;0
434;25399;17270;LE FOUILLOUX;0
434;25400;17270;MONTGUYON;0
434;25401;17270;NEUVICQ;0
434;25402;17270;SAINT-MARTIN-D'ARY;0
434;25403;17270;SAINT-PIERRE-DU-PALAIS;0
434;25404;17290;ARDILLIERES;0
434;25405;17290;BALLON;0
434;25406;17290;CHAMBON;0
434;25407;17290;CIRE-D'AUNIS;0
434;25408;17290;FORGES;0
434;25409;17290;LANDRAIS;0
434;25410;17290;LE THOU;0
434;25411;17290;THAIRE;0
434;25412;17290;VIRSON;0
434;25413;17290;AIGREFEUILLE-D'AUNIS;0
434;25414;17300;ROCHEFORT;0
434;25415;17300;VERGEROUX;0
434;25416;17310;SAINT-PIERRE-D'OLERON;0
434;25417;17320;HIERS-BROUAGE;0
434;25418;17320;MARENNES;0
434;25419;17320;SAINT-JUST-LUZAC;0
434;25420;17330;BERNAY-SAINT-MARTIN;0
434;25421;17330;COIVERT;0
434;25422;17330;COURANT;0
434;25423;17330;DOEUIL-SUR-LE-MIGNON;0
434;25424;17330;LA CROIX-COMTESSE;0
434;25425;17330;LA JARRIE-AUDOUIN;0
434;25426;17330;LOULAY;0
434;25427;17330;LOZAY;0
434;25428;17330;MIGRE;0
434;25429;17330;SAINT-FELIX;0
434;25430;17330;SAINT-MARTIAL;0
434;25431;17330;SAINT-PIERRE-DE-L'ISLE;0
434;25432;17330;SAINT-SEVERIN-SUR-BOUTONNE;0
434;25433;17330;VERGNE;0
434;25434;17330;VILLENEUVE-LA-COMTESSE;0
434;25435;17340;CHATELAILLON-PLAGE;0
434;25436;17340;YVES;0
434;25437;17350;ANNEPONT;0
434;25438;17350;CRAZANNES;0
434;25439;17350;FENIOUX;0
434;25440;17350;GRANDJEAN;0
434;25441;17350;LE MUNG;0
434;25442;17350;PORT-D'ENVAUX;0
434;25443;17350;SAINT-SAVINIEN;0
434;25444;17180;PERIGNY;0
434;25445;17190;SAINT-GEORGES-D'OLERON;0
434;25446;17200;ROYAN;1
434;25447;17200;SAINT-SULPICE-DE-ROYAN;1
434;25448;17210;BEDENAC;1
434;25449;17210;BRAN;1
434;25450;17210;BUSSAC-FORET;1
434;25451;17210;CHATENET;1
434;25452;17210;CHEPNIERS;1
434;25453;17210;CHEVANCEAUX;1
434;25454;17210;LE PIN;1
434;25455;17210;MERIGNAC;1
434;25456;17210;MONTLIEU-LA-GARDE;1
434;25457;17210;ORIGNOLLES;1
434;25458;17210;POLIGNAC;1
434;25459;17210;POUILLAC;1
434;25460;17210;SAINT-PALAIS-DE-NEGRIGNAC;1
434;25461;17210;SAINTE-COLOMBE;1
434;25462;17220;BOURGNEUF;0
434;25463;17220;CLAVETTE;0
434;25464;17220;CROIX-CHAPEAU;0
434;25465;17220;LA JARNE;0
434;25466;17220;LA JARRIE;0
434;25467;17220;MONTROY;0
434;25468;17220;SAINT-CHRISTOPHE;0
434;25469;17220;SAINT-MEDARD-D'AUNIS;0
434;25470;17220;SAINT-ROGATIEN;0
434;25471;17220;SAINT-VIVIEN;0
434;25472;17220;SAINTE-SOULLE;0
434;25473;17220;SALLES-SUR-MER;0
434;25474;17230;ANDILLY;0
434;25475;17230;CHARRON;0
434;25476;17230;LONGEVES;0
434;25477;17230;MARANS;0
434;25478;17230;SAINT-OUEN-D'AUNIS;0
434;25479;17230;VILLEDOUX;0
434;25480;17240;BOIS;1
434;25481;17240;CHAMPAGNOLLES;1
434;25482;17240;CLION;1
434;25483;17240;LORIGNAC;1
434;25484;17240;MOSNAC;1
434;25485;17240;PLASSAC;1
434;25486;17240;SAINT-CIERS-DU-TAILLON;1
434;25487;17240;SAINT-DIZANT-DU-GUA;1
434;25488;17240;SAINT-FORT-SUR-GIRONDE;1
434;25489;17240;SAINT-GENIS-DE-SAINTONGE;1
434;25490;17240;SAINT-GEORGES-ANTIGNAC;1
434;25491;17240;SAINT-GERMAIN-DU-SEUDRE;1
434;25492;17240;SAINT-GREGOIRE-D'ARDENNES;1
434;25493;17240;SAINT-ROMAIN-SUR-GIRONDE;1
434;25494;17240;SAINT-SIGISMOND-DE-CLERMONT;1
434;25495;17240;SAINTE-RAMEE;1
434;25496;17250;BEURLAY;0
434;25497;17250;GEAY;0
434;25498;17250;LA VALLEE;0
434;25499;17250;LES ESSARDS;0
434;25500;17250;PLASSAY;0
434;25501;17250;PONT-L'ABBE-D'ARNOULT;0
434;25502;17250;ROMEGOUX;0
434;25503;17250;SAINT-PORCHAIRE;0
434;25504;17250;SAINT-SULPICE-D'ARNOULT;0
434;25505;17130;POMMIERS-MOULONS;1
434;25506;17130;ROUFFIGNAC;1
434;25507;17130;SALIGNAC-DE-MIRAMBEAU;1
434;25508;17130;SOUMERAS;1
434;25509;17130;SOUSMOULINS;1
434;25510;17130;TUGERAS-SAINT-MAURICE;1
434;25511;17130;VIBRAC;1
434;25512;17132;MESCHERS-SUR-GIRONDE;1
434;25517;17137;ESNANDES;0
434;25518;17137;L'HOUMEAU;0
434;25519;17137;MARSILLY;0
434;25520;17137;NIEUL-SUR-MER;0
434;25521;17138;PUILBOREAU;0
434;25522;17138;SAINT-XANDRE;0
434;25523;17139;DOMPIERRE-SUR-MER;0
434;25524;17140;LAGORD;0
434;25525;17150;ALLAS-BOCAGE;1
434;25526;17150;BOISREDON;1
434;25527;17150;CONSAC;1
434;25528;17150;MIRAMBEAU;1
434;25529;17150;NIEUL-LE-VIROUIL;1
434;25530;17150;SAINT-BONNET-SUR-GIRONDE;1
434;25531;17150;SAINT-DIZANT-DU-BOIS;1
434;25532;17150;SAINT-GEORGES-DES-AGOUTS;1
434;25533;17150;SAINT-MARTIAL-DE-MIRAMBEAU;1
434;25534;17150;SAINT-SORLIN-DE-CONAC;1
434;25535;17150;SAINT-THOMAS-DE-CONAC;1
434;25536;17150;SEMILLAC;1
434;25537;17150;SEMOUSSAC;1
434;25538;17150;SOUBRAN;1
434;25539;17160;BAGNIZEAU;0
434;25540;17160;BALLANS;0
434;25541;17160;BLANZAC-LES-MATHA;0
434;25542;17160;BRIE-SOUS-MATHA;0
434;25543;17160;COURCERAC;0
434;25544;17160;CRESSE;0
434;25545;17160;GIBOURNE;0
434;25546;17160;HAIMPS;0
434;25547;17160;LA BROUSSE;0
434;25548;17160;LE GICQ;0
434;25549;17160;LES TOUCHES-DE-PERIGNY;0
434;25550;17160;LOUZIGNAC;0
434;25551;17160;MATHA;0
434;25552;17160;MONS;0
434;25553;17160;PRIGNAC;0
434;25554;17160;SONNAC;0
434;25555;17160;THORS;0
434;25556;17170;BENON;0
434;25557;17170;COURCON;0
434;25558;17170;CRAMCHABAN;0
434;25559;17170;FERRIERES;0
434;25560;17170;LA GREVE-SUR-MIGNON;0
434;25561;17170;LA LAIGNE;0
434;25562;17170;LA RONDE;0
434;25563;17170;SAINT-CYR-DU-DORET;0
434;25564;17170;SAINT-JEAN-DE-LIVERSAY;0
434;25565;17170;TAUGON;0
434;25566;16600;RUELLE-SUR-TOUVRE;0
434;25567;16600;TOUVRE;0
434;25568;16620;MONTBOYER;0
434;25569;16700;BARRO;0
434;25570;16700;BERNAC;0
434;25571;16700;BIOUSSAC;0
434;25572;16700;CONDAC;0
434;25573;16700;LA FAYE;0
434;25574;16700;LES ADJOTS;0
434;25575;16700;LONDIGNY;0
434;25576;16700;NANTEUIL-EN-VALLEE;0
434;25577;16700;POURSAC;0
434;25578;16700;RUFFEC;0
434;25579;16700;SAINT-GEORGES;0
434;25580;16700;SAINT-GOURSON;0
434;25581;16700;SAINT-MARTIN-DU-CLOCHER;0
434;25582;16700;SALLES-DE-VILLEFAGNAN;0
434;25583;16700;TAIZE-AIZIE;0
434;25584;16700;TUZIE;0
434;25585;16700;VILLEGATS;0
434;25586;16710;SAINT-YRIEIX-SUR-CHARENTE;0
434;25587;16720;SAINT-MEME-LES-CARRIERES;1
434;25588;16730;FLEAC;0
434;25589;16730;LINARS;0
434;25590;16730;TROIS-PALIS;0
434;25591;16800;SOYAUX;0
434;25592;17000;LA ROCHELLE;0
434;25593;17100;BUSSAC-SUR-CHARENTE;1
434;25594;17100;COURCOURY;1
434;25595;17100;FONTCOUVERTE;1
434;25596;17100;LA CHAPELLE-DES-POTS;1
434;25597;17100;LE DOUHET;1
434;25598;17100;LES GONDS;1
434;25599;17100;SAINT-VAIZE;1
434;25600;17100;SAINTES;1
434;25601;17100;VENERAND;1
434;25602;17110;SAINT-GEORGES-DE-DIDONNE;1
434;25603;17111;LOIX;0
434;25604;17113;MORNAC-SUR-SEUDRE;0
434;25605;17120;ARCES;1
434;25606;17120;BARZAN;1
434;25607;17120;BOUTENAC-TOUVENT;1
434;25608;17120;BRIE-SOUS-MORTAGNE;1
434;25609;17120;CHENAC-SAINT-SEURIN-D'UZET;1
434;25610;17120;COZES;1
434;25611;17120;EPARGNES;1
434;25612;17120;FLOIRAC;1
434;25613;17120;GREZAC;1
434;25614;17120;MEURSAC;1
434;25615;17120;MORTAGNE-SUR-GIRONDE;1
434;25616;17120;SEMUSSAC;1
434;25617;17120;TALMONT-SUR-GIRONDE;1
434;25618;17120;THAIMS;1
434;25619;17123;ILE-D'AIX;0
434;25620;17130;CHAMOUILLAC;1
434;25621;17130;CHARTUZAC;1
434;25622;17130;CHAUNAC;1
434;25623;17130;CORIGNAC;1
434;25624;17130;COURPIGNAC;1
434;25625;17130;COUX;1
434;25626;17130;EXPIREMONT;1
434;25627;17130;JUSSAS;1
434;25628;17130;MESSAC;1
434;25629;17130;MONTENDRE;1
434;25630;16430;VINDELLE;0
434;25631;16440;CLAIX;0
434;25632;16440;MOUTHIERS-SUR-BOEME;0
434;25633;16440;NERSAC;0
434;25634;16440;ROULLET-SAINT-ESTEPHE;0
434;25635;16440;SIREUIL;0
434;27443;33540;SAINT-FELIX-DE-FONCAUDE;0
434;27444;33540;SAINT-HILAIRE-DU-BOIS;0
434;27445;33540;SAINT-LAURENT-DU-BOIS;0
434;27446;33540;SAINT-MARTIN-DE-LERM;0
434;27447;33540;SAINT-MARTIN-DU-PUY;0
434;30436;33910;SAVIGNAC-DE-L'ISLE;0
434;30437;33910;BONZAC;0
434;30438;33910;SABLONS;0
434;30439;33910;SAINT-CIERS-D'ABZAC;0
434;30440;33910;SAINT-DENIS-DE-PILE;0
434;30441;33910;SAINT-MARTIN-DE-LAYE;0
434;30442;33910;SAINT-MARTIN-DU-BOIS;0
434;30443;33920;CIVRAC-DE-BLAYE;0
434;30444;33920;GENERAC;0
434;30445;33920;SAINT-CHRISTOLY-DE-BLAYE;0
434;30446;33920;SAINT-GIRONS-D'AIGUEVIVES;0
434;30447;33920;SAINT-SAVIN;0
434;30448;33920;SAINT-VIVIEN-DE-BLAYE;0
434;30449;33920;SAINT-YZAN-DE-SOUDIAC;0
434;30450;33920;SAUGON;0
434;30451;33930;VENDAYS-MONTALIVET;0
434;30452;33950;LEGE-CAP-FERRET;0
434;30454;33980;AUDENGE;0
434;30455;33990;HOURTIN;0
434;30456;33990;NAUJAC-SUR-MER;0
434;30483;33540;SAINT-SULPICE-DE-POMMIERS;0
434;31253;33370;SALLEBOEUF;0
434;31254;33370;TRESSES;0
434;31255;33370;YVRAC;0
434;31256;33380;BIGANOS;0
434;31257;33380;MARCHEPRIME;0
434;31258;33380;MIOS;0
434;31259;33390;ANGLADE;0
434;31260;33390;BERSON;0
434;31261;33390;BLAYE;0
434;31262;33390;CAMPUGNAN;0
434;31263;33390;CARS;0
434;31264;33390;CARTELEGUE;0
434;31265;33390;EYRANS;0
434;31266;33390;FOURS;0
434;31267;33390;MAZION;0
434;31268;33390;PLASSAC;0
434;31269;33390;SAINT-ANDRONY;0
434;31270;33390;SAINT-GENES-DE-BLAYE;0
434;31271;33390;SAINT-MARTIN-LACAUSSADE;0
434;31272;33390;SAINT-PAUL;0
434;31273;33390;SAINT-SEURIN-DE-CURSAC;0
434;31274;33400;TALENCE;0
434;31275;33410;BEGUEY;0
434;31276;33410;CADILLAC;0
434;31277;33410;CARDAN;0
434;31278;33410;DONZAC;0
434;31279;33410;GABARNAC;0
434;31280;33410;LAROQUE;0
434;31281;33410;LOUPIAC;0
434;31282;33410;MONPRIMBLANC;0
434;31283;33410;MOURENS;0
434;31284;33410;OMET;0
434;31285;33410;RIONS;0
434;31286;33410;SAINTE-CROIX-DU-MONT;0
434;31287;33420;BRANNE;0
434;31288;33420;CABARA;0
434;31289;33420;CAMIAC-ET-SAINT-DENIS;0
434;31290;33420;DAIGNAC;0
434;31291;33420;DARDENAC;0
434;31292;33420;ESPIET;0
434;31293;33420;GENISSAC;0
434;31294;33420;GREZILLAC;0
434;31295;33420;GUILLAC;0
434;31296;33420;JUGAZAN;0
434;31297;33420;LUGAIGNAC;0
434;31298;33420;MOULON;0
434;31299;33420;NAUJAN-ET-POSTIAC;0
434;31300;33420;RAUZAN;0
434;31301;33420;SAINT-AUBIN-DE-BRANNE;0
434;31302;33420;SAINT-JEAN-DE-BLAIGNAC;0
434;31303;33420;SAINT-VINCENT-DE-PERTIGNAS;0
434;31304;33420;TIZAC-DE-CURTON;0
434;31305;33430;AUBIAC;0
434;31306;33430;BAZAS;0
434;31307;33430;BERNOS-BEAULAC;0
434;31308;33430;BIRAC;0
434;31309;33430;CAZATS;0
434;31310;33430;CUDOS;0
434;31311;33430;GAJAC;0
434;31312;33430;GANS;0
434;31313;33430;LE NIZAN;0
434;31314;33430;LIGNAN-DE-BAZAS;0
434;31315;33430;MARIMBAULT;0
434;31316;33430;SAINT-COME;0
434;31317;33430;SAUVIAC;0
434;31318;33440;AMBARES-ET-LAGRAVE;0
434;31319;33440;SAINT-LOUIS-DE-MONTFERRAND;0
434;31320;33290;PAREMPUYRE;0
434;31321;33300;BORDEAUX;0
434;31322;33310;LORMONT;0
434;31323;33320;EYSINES;0
434;31324;33320;LE TAILLAN-MEDOC;0
434;31325;33330;SAINT-CHRISTOPHE-DES-BARDES;0
434;31326;33330;SAINT-EMILION;0
434;31327;33330;SAINT-ETIENNE-DE-LISSE;0
434;31328;33330;SAINT-HIPPOLYTE;0
434;31329;33330;SAINT-LAURENT-DES-COMBES;0
434;31330;33330;SAINT-PEY-D'ARMENS;0
434;31331;33330;SAINT-SULPICE-DE-FALEYRENS;0
434;31332;33330;VIGNONET;0
434;31333;33340;BEGADAN;0
434;31334;33340;BLAIGNAN;0
434;31335;33340;CIVRAC-EN-MEDOC;0
434;31336;33340;COUQUEQUES;0
434;31337;33340;GAILLAN-EN-MEDOC;0
434;31338;33340;LESPARRE-MEDOC;0
434;31339;33340;ORDONNAC;0
434;31340;33340;PRIGNAC-EN-MEDOC;0
434;31341;33340;QUEYRAC;0
434;31342;33340;SAINT-CHRISTOLY-MEDOC;0
434;31343;33340;SAINT-GERMAIN-D'ESTEUIL;0
434;31344;33340;SAINT-YZANS-DE-MEDOC;0
434;31345;33340;VALEYRAC;0
434;31346;33350;BELVES-DE-CASTILLON;0
434;31347;33350;BOSSUGAN;0
434;31348;33350;CASTILLON-LA-BATAILLE;0
434;31349;33350;CIVRAC-SUR-DORDOGNE;0
434;31350;33350;DOULEZON;0
434;31351;33350;FLAUJAGUES;0
434;31352;33350;GARDEGAN-ET-TOURTIRAC;0
434;31353;33350;LES SALLES-DE-CASTILLON;0
434;31354;33350;MERIGNAS;0
434;31355;33350;MOULIETS-ET-VILLEMARTIN;0
434;31356;33350;PUJOLS;0
434;31357;33350;RUCH;0
434;31358;33350;SAINT-GENES-DE-CASTILLON;0
434;31359;33350;SAINT-MAGNE-DE-CASTILLON;0
434;31360;33350;SAINT-PEY-DE-CASTETS;0
434;31361;33350;SAINT-PHILIPPE-D'AIGUILLE;0
434;31362;33350;SAINTE-COLOMBE;0
434;31363;33350;SAINTE-FLORENCE;0
434;31364;33350;SAINTE-RADEGONDE;0
434;31365;33350;SAINTE-TERRE;0
434;31366;33360;CAMBLANES-ET-MEYNAC;0
434;31367;33360;CARIGNAN-DE-BORDEAUX;0
434;31368;33360;CENAC;0
434;31369;33360;LATRESNE;0
434;31370;33360;LIGNAN-DE-BORDEAUX;0
434;31371;33360;QUINSAC;0
434;31372;33370;ARTIGUES-PRES-BORDEAUX;0
434;31373;33370;BONNETAN;0
434;31374;33370;FARGUES-SAINT-HILAIRE;0
434;31375;33370;LOUPES;0
434;31376;33370;POMPIGNAC;0
434;31377;33220;EYNESSE;0
434;31379;33220;LA ROQUILLE;0
434;31380;33220;LES LEVES-ET-THOUMEYRAGUES;0
434;31381;33220;LIGUEUX;0
434;31382;33220;MARGUERON;0
434;31383;33220;PINEUILH;0
434;31385;33220;RIOCAUD;0
434;31386;33220;SAINT-ANDRE-ET-APPELLES;0
434;31387;33220;SAINT-AVIT-DE-SOULEGE;0
434;31388;33220;SAINT-AVIT-SAINT-NAZAIRE;0
434;31389;33220;SAINT-PHILIPPE-DU-SEIGNAL;0
434;31390;33220;SAINT-QUENTIN-DE-CAPLONG;0
434;31391;33220;SAINTE-FOY-LA-GRANDE;0
434;31392;33230;ABZAC;0
434;31393;33230;BAYAS;0
434;31394;33230;CHAMADELLE;0
434;31395;33230;COUTRAS;0
434;31396;33230;GUITRES;0
434;31397;33230;LAGORCE;0
434;31398;33230;LE FIEU;0
434;31399;33230;LES EGLISOTTES-ET-CHALAURES;0
434;31400;33230;LES PEINTURES;0
434;31401;33230;MARANSIN;0
434;31402;33230;SAINT-CHRISTOPHE-DE-DOUBLE;0
434;31403;33230;SAINT-MEDARD-DE-GUIZIERES;0
434;31404;33240;ASQUES;0
434;31405;33240;AUBIE-ET-ESPESSAS;0
434;31406;33240;CADILLAC-EN-FRONSADAIS;0
434;31407;33240;CUBZAC-LES-PONTS;0
434;31408;33240;GAURIAGUET;0
434;31409;33240;LA LANDE-DE-FRONSAC;0
434;31410;33240;LUGON-ET-L'ILE-DU-CARNAY;0
434;31411;33240;MOUILLAC;0
434;31412;33240;PERISSAC;0
434;31413;33240;PEUJARD;0
434;31414;33240;SAINT-ANDRE-DE-CUBZAC;0
434;31415;33240;SAINT-ANTOINE;0
434;31416;33240;SAINT-GENES-DE-FRONSAC;0
434;31417;33240;SAINT-GERMAIN-DE-LA-RIVIERE;0
434;31418;33240;SAINT-GERVAIS;0
434;31419;33240;SAINT-LAURENT-D'ARCE;0
434;31420;33240;SAINT-ROMAIN-LA-VIRVEE;0
434;31421;33240;SALIGNAC;0
434;31422;33240;TARNES;0
434;31423;33240;VERAC;0
434;31424;33240;VIRSAC;0
434;31425;33250;CISSAC-MEDOC;0
434;31426;33250;PAUILLAC;0
434;31427;33250;SAINT-JULIEN-BEYCHEVELLE;0
434;31428;33250;SAINT-SAUVEUR;0
434;31429;33260;LA TESTE-DE-BUCH;0
434;31430;33270;BOULIAC;0
434;31431;33270;FLOIRAC;0
434;31432;33290;BLANQUEFORT;0
434;31433;33290;LE PIAN-MEDOC;0
434;31434;33290;LUDON-MEDOC;0
434;31435;33140;CADAUJAC;0
434;31436;33140;VILLENAVE-D'ORNON;0
434;31437;33141;SAILLANS;0
434;31438;33141;VILLEGOUGE;0
434;31440;33150;CENON;0
434;31441;33160;SAINT-AUBIN-DE-MEDOC;0
434;31442;33160;SAINT-MEDARD-EN-JALLES;0
434;31443;33160;SALAUNES;0
434;31446;33170;GRADIGNAN;0
434;31447;33180;SAINT-ESTEPHE;0
434;31448;33180;SAINT-SEURIN-DE-CADOURNE;0
434;31449;33180;VERTHEUIL;0
434;31450;33185;LE HAILLAN;0
434;31451;33190;BAGAS;0
434;31452;33190;BARIE;0
434;31453;33190;BASSANNE;0
434;31454;33190;BLAIGNAC;0
434;31455;33190;BOURDELLES;0
434;31456;33190;CAMIRAN;0
434;31457;33190;CASSEUIL;0
434;31458;33190;FLOUDES;0
434;31459;33190;FONTET;0
434;31460;33190;FOSSES-ET-BALEYSSAC;0
434;31461;33190;GIRONDE-SUR-DROPT;0
434;31462;33190;HURE;0
434;31463;33190;LA REOLE;0
434;31464;33190;LAMOTHE-LANDERRON;0
434;31465;33190;LES ESSEINTES;0
434;31466;33190;LOUBENS;0
434;31467;33190;LOUPIAC-DE-LA-REOLE;0
434;31468;33190;MONGAUZY;0
434;31469;33190;MONTAGOUDIN;0
434;31470;33190;MORIZES;0
434;31471;33190;NOAILLAC;0
434;31472;33190;PONDAURAT;0
434;31473;33190;PUYBARBAN;0
434;31474;33190;SAINT-EXUPERY;0
434;31475;33190;SAINT-HILAIRE-DE-LA-NOAILLE;0
434;31476;33190;SAINT-LAURENT-DU-PLAN;0
434;31477;33190;SAINT-MICHEL-DE-LAPUJADE;0
434;31478;33190;SAINT-SEVE;0
434;31479;33200;BORDEAUX;0
434;31480;33210;BIEUJAC;0
434;31481;33210;BOMMES;0
434;31482;33210;CASTETS-EN-DORTHE;0
434;31483;33210;CASTILLON-DE-CASTETS;0
434;31484;33210;COIMERES;0
434;31485;33210;FARGUES;0
434;31486;33210;LANGON;0
434;31487;33210;LEOGEATS;0
434;31488;33210;MAZERES;0
434;31489;33210;PREIGNAC;0
434;31490;33210;PUJOLS-SUR-CIRON;0
434;31491;33210;ROAILLAN;0
434;31492;33210;SAINT-LOUBERT;0
434;31493;33210;SAINT-PARDON-DE-CONQUES;0
434;31494;33210;SAINT-PIERRE-DE-MONS;0
434;31495;33210;SAUTERNES;0
434;31496;33210;TOULENNE;0
434;31497;33220;CAPLONG;0
434;33283;16150;ETAGNAC;0
434;33540;16150;EXIDEUIL;0
434;33541;16150;PRESSIGNAC;0
434;33542;16160;GOND-PONTOUVRE;0
434;33543;16170;ANVILLE;0
434;33544;16170;AUGE-SAINT-MEDARD;0
434;33545;16170;BIGNAC;0
434;33546;16170;BONNEVILLE;0
434;34570;16170;ECHALLAT;0
434;34571;16170;GENAC;0
434;34572;16170;GOURVILLE;0
434;34573;16170;MAREUIL;0
434;34574;16170;MONTIGNE;0
434;34575;16170;PLAIZAC;0
434;34576;16170;ROUILLAC;0
434;34577;16170;SAINT-AMANT-DE-NOUERE;0
434;34578;16170;SAINT-CYBARDEAUX;0
434;34579;16170;SONNEVILLE;0
434;34580;16170;VAUX-ROUILLAC;0
434;34581;16190;AIGNES-ET-PUYPEROUX;0
434;34582;16190;BORS (CANTON DE MONTMOREAU-SAINT-CYBARD);0
434;34583;16190;COURGEAC;0
434;34584;16190;DEVIAT;0
434;34585;16190;JUIGNAC;0
434;34586;16190;MONTMOREAU-SAINT-CYBARD;0
434;34587;16190;NONAC;0
434;34588;16190;POULLIGNAC;0
434;34589;16190;SAINT-AMANT;0
434;34590;16190;SAINT-EUTROPE;0
434;34591;16190;SAINT-LAURENT-DE-BELZAGOT;0
434;34592;16190;SAINT-MARTIAL;0
434;34593;16190;SALLES-LAVALETTE;0
434;34594;16200;BOURG-CHARENTE;1
434;34595;16200;CHASSORS;1
434;34596;16200;COURBILLAC;1
434;34597;16200;FLEURAC;1
434;34598;16200;FOUSSIGNAC;1
434;34599;16200;GONDEVILLE;1
434;34600;16200;HOULETTE;1
434;34601;16200;JARNAC;1
434;34602;16200;JULIENNE;1
434;34603;16200;LES METAIRIES;1
434;34604;16200;MAINXE;1
434;34605;16200;MERIGNAC;1
434;34606;16200;NERCILLAC;1
434;34607;16200;REPARSAC;1
434;34608;16200;SAINTE-SEVERE;1
434;34609;16200;SIGOGNE;1
434;34610;16200;TRIAC-LAUTRAIT;1
434;34616;16000;ANGOULEME;0
434;34617;16100;BOUTIERS-SAINT-TROJAN;1
434;34618;16100;CHATEAUBERNARD;1
434;34619;16100;COGNAC;1
434;34620;16100;JAVREZAC;1
434;34621;16100;LOUZAC-SAINT-ANDRE;1
434;34622;16100;MERPINS;1
434;34623;16100;SAINT-BRICE;1
434;34624;16100;SAINT-LAURENT-DE-COGNAC;1
434;34626;16110;AGRIS;0
434;34627;16110;BUNZAC;0
434;34628;16110;LA ROCHEFOUCAULD;0
434;34629;16110;LA ROCHETTE;0
434;34630;16110;MARILLAC-LE-FRANC;0
434;34631;16110;PRANZAC;0
434;34632;16110;RANCOGNE;0
434;34633;16110;RIVIERES;0
434;34634;16110;SAINT-PROJET-SAINT-CONSTANT;0
434;34635;16110;TAPONNAT-FLEURIGNAC;0
434;34636;16110;YVRAC-ET-MALLEYRAND;0
434;34637;16120;ANGEAC-CHARENTE;1
434;34638;16120;BASSAC;1
434;34639;16120;BIRAC;1
434;34640;16120;BONNEUIL;1
434;34641;16120;BOUTEVILLE;1
434;34642;16120;CHATEAUNEUF-SUR-CHARENTE;1
434;34643;16120;ERAVILLE;1
434;34644;16120;GRAVES-SAINT-AMANT;1
434;34645;16120;LADIVILLE;1
434;34646;16120;MALAVILLE;1
434;34647;16120;MOSNAC;1
434;34648;16120;NONAVILLE;1
434;34649;16120;SAINT-SIMEUX;1
434;34650;16120;SAINT-SIMON;1
434;34651;16120;TOUZAC;1
434;34652;16120;VIBRAC;1
434;34653;16120;VIVILLE;1
434;34654;16130;ANGEAC-CHAMPAGNE;1
434;34655;16130;ARS;1
434;34656;16130;GENSAC-LA-PALLUE;1
434;34657;16130;GENTE;1
434;34658;16130;GIMEUX;1
434;34659;16130;JUILLAC-LE-COQ;1
434;34660;16130;LIGNIERES-SONNEVILLE;1
434;34661;16130;SAINT-FORT-SUR-LE-NE;1
434;34662;16130;SAINT-PREUIL;1
434;34663;16130;SALLES-D'ANGLES;1
434;34664;16130;SEGONZAC;1
434;34665;16130;VERRIERES;1
434;34666;16140;AIGRE;0
434;34667;16140;AMBERAC;0
434;34668;16140;BARBEZIERES;0
434;34669;16140;BESSE;0
434;34670;16140;CHARME;0
434;34671;16140;EBREON;0
434;34672;16140;FOUQUEURE;0
434;34673;16140;LA CHAPELLE;0
